32 98 34 73 67 63
62 16 36 81 65 43 55 98 56 78 93 65 10 63 49 75 79 87 93 68 38 29 84 70
22 33 36 32 25 39 39 27 11 97 84 80
31 32 75 88 66 44 75 40 82 98 95 41 22 53 78
78 52 48 30 59 72 23 27 86 74 29 55 86 51 43 38 72 91 83 87 84 20 53 79 64 11 69 81 11 53 78 56 95 95 41 61 87 98 84 94
38 87 26 54 83 67 44 50 60 18 79 83 31 35 97 74 13 71 16 73 15 62 15 32 68 84 55 49 47 93 67 55 38 47 18 97 15 78
55 82 19 60 76 42 71 91 87
61 73 41 22 36 41 47 76 34 99 86 65 59 66 22 31 58 18 15 47 17 32 63 26 45 39 34 62 44
66 19 96 39 85 61 35 31 72 42 83 31 94 63
82 59 39 81 67 89 13 18 61 73 73 30 42 34 87 10 71 96 33 45 82 43 18 88 15 74 51 16 34 74 27
46 32 73 89 76 55 20 20 63 49 29 13 61 59 31 42 32 18 85 19 73
56 16 76 73
58 56 28 54 75 53 67 44 20 34 88 49 98 92 29 28 67 66
79 40 75 93 90 45 85 18 42 86 51 66
31 35 19 90 88 24 34 33 58 55 43 27 27 93 60 72 60
61 65 84 92 25 39 33 80 35 38 23 47 84 57 81 22 71 67 79 82 23 55 37 85 34 51 80 96 37 48 84 90 85 50 16 51
15 67 83 48 41 52 18 30 83 43 12 76 87 15 26 11 71
98 50 22 29 30 54 80 85 10 44 57 56 47 57 38 30 58 42
25 11 53 27
95 94 17 24 81 85 72 32 90 84 91 49 99 63 80 62 44 50 60 65 74 15 35 97 90 90 63 82 65 19 76 57 58 44 86 91
26 44 11 69 87 51 72 29
75 57 43 92 75 21 33 26 20 63
57 84 49 20 93 50 22 81 30 35 96 56 44 71 48 36 81 98 41 26 39 89 99 72 27 96 69 63 28 20 76 30 14 50 83 26 82 14 39
77 27 55 53 34 30 69 26 81 96
97 28 90 72 43 34 19 25 18 66 31 99 39 35 93 59 92 16 88 13 64 89 61 94 90 22 33 57 97 13 56 13 20 26 65 27 84 29 41
46 30 85 95 10 81 92 19 55 85 10 41 46 32 95 29 74
82 48 12 10 87 45 37 25 28 16 36
76 26 83 78 29 60 59 61 67 11 96 55 89 63 41 25 77 82 41 23 40 53 57 41 57 19 25 73 53 20 92 26 84 46 95
19 36 21 23 96 59 22 29 28
48 98 43 44 50 52 66 74 58 42 74 15 87 88 77
76 87 78 44 87 35
51 18 89 93 29 20
11 27 27 59 48 49 17 34 56 90 74 51 66 38
80 53 22 14 61 32 56 92 63 87 13 18 60 47 96 83 73 58 42 96 72 86 99 36 27 58 30 24 72
26 52 97 42 84 97 15 19 39 98 27 37 38 45
81 13 70 65 55 37 11 83 82 24 38 19 51 52
26 30 87 45 31 52 97 71 31 35 79 80 25 37 33 52 19 47 94
95 28 30 48 35 74 47 86 63 48 34 19 75 61 14 44 33 74 24 56 39 77 67 42 61 54 51 38 95 16 60 41 69
34 14 44 15 18 34 96 25 89 65 35 86 61 70 17 37 45 15 85
44 20 53 21 55 53 92 22 67 72
75 32 14 51 31 43 55 98 69 45 99 44 40 14 36 37 38 32 97 55 12 78 73 31
55 95 45 60 51 56 21 68 77 19 19 26 46 57 91 72 28 90 93 79 97 17 30 78 19
25 42 41 42 31 14 25 89 15 45 55 22 94 32 99 96 55 62 61 28 14 75 76 81 86 19 59 22 30 13 80 85 81
95 57 37 21 60 26 14 48 52 44 93 63 41 81 90 62 50 72 73 60 27 55 57 84 87 26 98 15 33 53 99 14 98 86
33 51 33 10 27 99 67 13
54 78 31 43 95 36 96 92 90 57 93 70 67 16 11
82 87 22 64 19
74 62 14 54 19 78 46 94 82 96 45 28 69 76 26 27 35 93 69 18 13 28 96 39 43 74 61
73 34 91 67 43 64 22 93 38 71 26 40 83 59 35 60 76 53 46 72
