101
396
738
1044
1328
1643
1920
2269
2602
2886
3174
3530
3819
4092
4363
4652
4974
5246
5539
5796
6080
6397
6686
6995
7325
7564
7868
8085
8370
8685
8994
9319
9607
9937
10213
10536
10805
11119
11392
11641
11949
12250
12506
12799
13098
13396
13718
14094
14385
14738
15009
15311
15637
15930
16205
16512
16878
17156
17485
17758
18056
18329
18676
18973
19280
19592
19845
20155
20441
20741
21023
21288
21601
21912
22213
22548
22864
23134
23410
23726
24098
24375
24666
24982
25295
25580
25880
26208
26459
26770
27065
27393
27704
28036
28396
28669
28938
29230
29494
29776
30066
30351
30696
31027
31314
31613
31908
32231
32541
32873
33172
33470
33814
34140
34462
34707
34985
35284
35562
35855
36153
36461
36761
36978
37307
37633
37920
38188
38514
38786
39073
39366
39674
39993
40271
40545
40825
41126
41447
41783
42115
42411
42711
43017
43327
43639
43943
44224
44554
44852
45187
45435
45793
46116
46369
46646
46977
47289
47578
47906
48177
48475
48766
49051
49360
49657
49984
50293
50582
50949
51305
51609
51938
52198
52459
52783
53108
53430
53767
54076
54364
54630
54923
55243
55500
55824
56132
56437
56721
57004
57276
57557
57834
58086
58420
58731
59029
59347
59645
59915
60185
60464
60778
61058
61372
61667
61948
62257
62548
62865
63191
63456
63762
64079
64351
64593
64865
65205
65533
65800
66026
66359
66606
66917
67203
67505
67814
68089
68399
68683
68958
69278
69605
69902
70205
70484
70779
71104
71363
71649
71960
72210
72476
72802
73169
73494
73831
74060
74364
74644
74950
75248
75518
75940
76194
76517
76847
77159
77457
77766
78132
78438
78648
78967
79356
79652
79950
80119
80371
80639
80925
81215
81627
81931
82255
82557
82870
83149
83423
83726
84014
84304
84598
84871
85195
85531
85832
86147
86434
86712
87013
87336
87667
87934
88237
88535
88874
89169
89500
89821
90098
90409
90726
91025
91217
91547
91838
92165
92503
92865
93273
93578
93913
94234
94535
94778
95047
95336
95523
95841
96120
96406
96724
96973
97269
97561
97832
98129
98467
98799
99136
99440
99757
100034
100354
100697
101051
101391
101699
101991
102299
102566
102834
103080
103362
103678
103982
104273
104566
104864
105185
105536
105870
106148
106450
106732
107135
107442
107733
108068
108392
108716
109009
109204
109527
109818
110100
110421
110749
111058
111354
111634
111934
112352
112614
112937
113205
113481
113778
114054
114375
114666
114955
115221
115514
115748
116031
116298
116571
116902
117179
117495
117769
118050
118326
118637
118922
119203
119494
119795
120097
120251
120532
120920
121103
121415
121713
121997
122311
122614
123039
123327
123644
123940
124211
124469
124676
124959
125234
125488
125788
126091
126433
126724
126986
127235
127665
127963
128301
128596
128807
129143
129435
129695
130004
130297
130565
130890
131212
131475
131781
132109
132443
132846
133141
133415
133732
133937
134231
134544
134845
135102
135412
135723
136046
136348
136694
137107
137396
137732
138083
138366
138688
138978
139181
139481
139823
140128
140386
140692
140988
141263
141651
141965
142273
142592
142904
143171
143465
143778
144123
144382
144696
145021
145332
145636
145942
146258
146620
146923
147198
147508
147786
148101
148392
148716
149057
149361
149647
149992
150286
150456
150753
151051
151338
151630
151893
152180
152511
152817
153244
153552
153865
154166
154468
154653
154927
155253
155544
155828
156102
156392
156725
157018
157340
157729
157961
158250
158609
158887
159195
159408
159706
160029
160372
160687
160990
161277
161564
161882
162202
162500
162917
163198
163481
163747
164052
164329
164513
164864
165156
165438
165772
166080
166335
166679
166982
167291
167579
167986
168244
168549
168855
169016
169336
169632
169932
170231
170565
170856
171114
171497
171775
172086
172415
172688
173011
173297
173594
173910
174209
174517
174869
175121
175397
175704
176029
176329
176602
176934
177244
177500
177839
178128
178385
178687
178973
179291
179593
179882
180200
180500
180813
181004
181291
181582
181846
182133
182434
182732
183112
183425
183728
184039
184258
184543
184858
185146
185432
185736
186033
186301
186588
186884
187230
187614
187920
188238
188518
188845
189139
189359
189667
189974
190224
190535
190839
191170
191448
191741
192021
192301
192664
192966
193220
193505
193802
194129
194323
194616
194891
195181
195496
195809
196089
196409
196684
196960
197283
197578
197878
198189
198526
198809
199101
199379
199677
199968
200313
200596
200898
201313
201606
201919
202217
202479
202750
203023
203300
203555
203847
204151
204438
204732
204991
205295
205564
205827
206152
206436
206781
207039
207326
207630
207930
208235
208532
208841
209154
209475
209815
210119
210429
210587
210880
211189
211458
211795
212119
212418
212717
212985
213288
213595
213891
214242
214526
214833
215148
215457
215730
216028
216305
216555
216845
217133
217530
217848
218101
218417
218588
218910
219200
219476
219748
220060
220404
220702
220993
221296
221555
221822
222146
222545
222829
223125
223440
223615
223892
224193
224459
224748
225009
225324
225653
225892
226212
226471
226690
226999
227258
227661
227983
228178
228467
228749
229085
229386
229717
230093
230390
230652
230978
231308
231610
231887
232187
232453
232756
233064
233353
233632
233959
234280
234608
234896
235239
235511
235848
236183
236480
236737
237056
237363
237677
237968
238216
238500
238828
239164
239457
239730
240064
240355
240542
240817
241146
241410
241737
242025
242294
242596
242908
243162
243464
243715
244033
244309
244603
244908
245217
245527
245830
246146
246500
246832
247133
247422
247740
248007
248296
248611
248937
249276
249513
249806
250147
250433
250708
250965
251270
251566
251852
252177
252458
252752
253015
253308
253573
253872
254219
254556
254888
255199
255523
255810
256102
256418
256735
257019
257313
257714
258054
258388
258674
258930
259106
259414
259725
259989
260438
260716
261027
261287
261617
261897
262227
262547
262864
263176
263497
263797
264136
264439
264757
265037
265304
265564
265884
266188
266459
266755
267029
267298
267626
267904
268182
268470
268751
269112
269406
269727
270027
270346
270623
270816
271143
271412
271844
272119
272418
272609
272924
273183
273472
273757
274058
274338
274678
274990
275300
275591
275885
276185
276485
276780
277113
277429
277736
278001
278308
278641
278938
279262
279609
279906
280182
280481
280769
281067
281343
281646
281946
282237
282540
282852
283129
283427
283756
284056
284359
284631
284939
285197
285488
285738
285990
286309
286614
286932
287269
287614
288005
288272
288583
288888
289161
289373
289650
289974
290293
290593
290977
291305
291625
291908
292199
292519
292825
293116
293382
293700
294013
294269
294590
294916
295210
295528
295840
296181
296482
296813
297083
297396
297711
298058
298328
298600
298936
299254
299577
299880
300168
300453
300636
300971
301249
301567
301985
302287
302551
302776
303029
303336
303669
303975
304306
304618
304904
305163
305469
305754
306060
306353
306696
306942
307294
307564
307836
308137
308463
308794
309082
309391
309712
310031
310282
310596
310893
311149
311420
311742
312033
312375
312676
312958
313257
313576
313843
314153
314441
314759
315085
315331
315650
315952
316274
316589
316847
317133
317429
317708
318133
318428
318726
319004
319332
319636
319885
320063
320336
320650
320981
321403
321730
321965
322252
322553
322846
323147
323452
323723
324013
324270
324545
324851
325154
325472
325766
326082
326365
326621
326867
327114
327401
327690
328022
328304
328582
328859
329158
329477
329727
330010
330209
330462
330734
331115
331383
331673
331972
332195
332500
332759
333072
333354
333673
333985
334264
334564
334826
335110
335417
335711
336033
336316
336609
336940
337291
337552
337868
338205
338454
338726
339008
339252
339523
339843
340170
340472
340735
341012
341323
341646
341941
342213
342488
342817
343110
343408
343751
344099
344401
344712
344982
345281
345547
345921
346122
346442
346718
346989
347289
347617
347883
348184
348503
348771
349075
349362
349633
349935
350252
350586
350856
351287
351558
351916
352238
352514
352862
353185
353470
353773
354122
354436
354734
355041
355341
355653
355936
356249
356545
356806
357064
357384
357651
357954
358281
358599
358882
359234
359543
359764
360124
360410
360692
360983
361238
361525
361827
362124
362413
362735
363029
363361
363771
364000
364188
364438
364717
365017
365331
365644
365929
366218
366543
366849
367137
367421
367708
368020
368288
368584
368876
369185
369493
369813
370128
370444
370791
371066
371371
371678
372012
372279
372549
372821
373179
373494
373788
374087
374345
374598
374923
375339
375610
375922
376162
376465
376773
377044
377350
377606
377947
378274
378596
378878
379172
379471
379755
380058
380373
380660
380962
381278
381627
381876
382161
382445
382730
382986
383320
383607
383904
384151
384434
384789
385102
385385
385699
385958
386284
386575
386881
387206
387500
387806
388129
388442
388768
389086
389364
389554
389833
390122
390360
390644
390917
391203
391492
391789
392057
392320
392611
392938
393320
393621
393944
394123
394402
394696
394994
395292
395595
395905
396207
396507
396784
397034
397366
397657
398008
398269
398570
398835
399169
399453
399723
400054
400349
400620
400927
401232
401512
401797
402078
402381
402684
403015
403317
403703
403986
404360
404672
404974
405281
405625
405857
406200
406506
406814
407154
407457
407775
408068
408365
408618
408947
409227
409643
409917
410250
410583
410852
411181
411495
411760
411993
412326
412581
412894
413199
413480
413799
414099
414381
414677
414982
415226
415502
415829
416153
416462
416727
416960
417235
417511
417847
418069
418372
418679
418842
419149
419445
419751
420179
420494
420797
421133
421454
421728
422031
422260
422591
422897
423146
423584
423863
424175
424482
424718
424995
425282
425572
425824
426128
426401
426716
427014
427274
427570
427862
428185
428445
428769
429056
429377
429681
429978
430271
430541
430849
431115
431396
431701
431972
432242
432570
432884
433219
433656
433943
434277
434587
434892
435215
435440
435744
436065
436315
436751
437061
437347
437655
437966
438262
438546
438842
439135
439414
439702
439965
440224
440531
440773
441112
441436
441702
442014
442303
442581
442856
443172
443508
443836
444139
444438
444722
445009
445260
445516
445827
446112
446377
446675
446927
447267
447540
447820
448136
448413
448719
448992
449346
449601
449875
450172
450483
450784
451074
451406
451686
451875
452202
452534
452866
453122
453520
453832
454082
454367
454629
454817
455136
455459
455766
456112
456388
456698
457040
457355
457628
457913
458246
458547
458875
459117
459411
459757
460074
460385
460676
461000
461314
461620
461899
462203
462614
462884
463172
463484
463872
464179
464485
464745
465064
465246
465527
465810
466206
466524
466787
467069
467350
467621
467916
468246
468523
468798
469112
469336
469650
469936
470227
470492
470770
471081
471398
471700
471960
472293
472599
472911
473190
473504
473810
474093
474379
474696
474961
475248
475568
475855
476137
476458
476735
477081
477401
477702
477974
478269
478601
478931
479268
479558
479871
480208
480503
480804
481115
481377
481704
481978
482272
482486
482794
483097
483397
483742
484072
484429
484772
485108
485391
485671
485995
486266
486525
486733
487031
487322
487624
487967
488246
488524
488845
489153
489456
489775
490045
490322
490673
490929
491324
491624
491944
492246
492522
492824
493144
493441
493762
494091
494381
494578
494848
495148
495421
495783
496106
496391
496742
497046
497357
497701
498022
498275
498558
498866
499157
499424
499738
500041
500335
500691
500978
501263
501593
501863
502175
502477
502751
503055
503404
503747
504025
504337
504651
504960
505237
505583
505872
506126
506443
506722
507058
507387
507686
507956
508266
508590
508874
509186
509500
509782
510068
510378
510703
511000
511331
511645
511927
512244
512550
512862
513110
513447
513735
514038
514333
514770
515122
515429
515718
516020
516340
516598
516900
517177
517413
517722
517957
518311
518626
518906
519219
519535
519838
520167
520458
520783
521067
521373
521656
521954
522267
522604
522865
523130
523440
523732
524076
524322
524581
524875
525177
525450
525839
526123
526448
526744
527094
527352
527698
527996
528341
528641
528966
529276
529586
529881
530154
530439
530760
531105
531417
531696
531943
532244
532538
532858
533190
533463
533765
534038
534370
534652
534984
535286
535586
535852
536147
536420
536658
536902
537177
537506
537810
538127
538411
538682
538981
539243
539564
539864
540165
540460
540742
541020
541344
541688
542041
542328
542625
542942
543219
543405
543730
544075
544397
544667
545007
545416
545680
545998
546327
546658
546971
547180
547477
547778
548091
548375
548651
548948
549262
549573
549882
550120
550426
550734
551051
551415
551715
551963
552232
552535
552871
553164
553455
553683
553965
554276
554610
554926
555336
555635
555958
556224
556543
556855
557170
557468
557765
558056
558346
558655
558979
559278
559591
559888
560173
560498
560817
561117
561391
561692
561986
562259
562594
562898
563218
563499
563799
564125
564442
564796
565122
565394
565720
566010
566267
566522
566836
567110
567413
567728
568035
568373
568686
569002
569309
569696
569982
570291
570571
570851
571114
571415
571720
572039
572344
572627
572921
573263
573528
573829
574144
574387
574700
575004
575284
575635
575963
576223
576522
576924
577227
577529
577813
578117
578300
578636
578900
579247
579551
579909
580208
580505
580791
581124
581434
581706
582008
582420
582682
583054
583250
583524
583822
584160
584484
584819
585135
585538
585852
586145
586432
586712
587014
587330
587661
587970
588247
588505
588812
589145
589482
589812
590089
590346
590631
590938
591216
591506
591801
592106
592374
592735
593044
593354
593619
593896
594217
594472
594830
595117
595448
595739
596052
596347
596639
596947
597205
597537
597831
598114
598435
598758
599071
599375
599651
599977
600248
600531
600836
601160
601431
601738
602024
602300
602577
602843
603147
603397
603697
603987
604299
604567
604882
605186
605387
605695
605992
606312
606614
606961
607232
607546
607841
608159
608485
608895
609200
609435
609735
610054
610389
610684
611020
611302
611636
611924
612234
612538
612847
613102
613368
613664
613912
614198
614563
614866
615152
615489
615807
616116
616398
616672
616967
617284
617612
617897
618213
618503
618787
619088
619397
619724
619999
620290
620576
620859
621149
621425
621763
622016
622306
622622
622917
623200
623459
623786
624059
624381
624713
624984
625289
625601
625899
626144
626443
626715
627008
627289
627600
627917
628213
628515
628803
629119
629448
629779
630098
630387
630627
630962
631232
631562
631885
632223
632548
632867
633180
633474
633725
634034
634331
634578
634859
635186
635475
635788
636111
636315
636600
636865
637150
637458
637778
638051
638352
638660
638932
639237
639569
639874
640203
640548
640834
641108
641421
641727
641994
642315
642565
643010
643300
643582
643853
644129
644425
644712
645015
645290
645577
645868
646160
646493
646781
647087
647420
647721
647974
648238
648533
648841
649129
649389
649668
650026
650319
650589
650871
651165
651455
651749
652089
652385
652680
652959
653271
653572
653830
654113
654408
654776
655114
655438
655747
656056
656337
656676
656972
657257
657574
657881
658161
658464
658762
659061
659345
659591
659880
660163
660420
660758
661084
661411
661705
662053
662341
662608
662951
663261
663614
663880
664179
664500
664805
665108
665390
665689
665984
666233
666557
666859
667181
667462
667751
668067
668320
668544
668837
669120
669395
669644
669950
670225
670507
670820
671138
671428
671762
672042
672325
672612
672987
673326
673630
673903
674237
674530
674815
675089
675389
675701
676018
676328
676667
676972
677266
677543
677847
678125
678405
678672
678938
679233
679578
679837
680156
680514
680799
681046
681326
681621
681931
682229
682510
682817
683104
683419
683701
684005
684298
684624
684900
685174
685492
685772
686068
686375
686606
686942
687262
687571
687871
688170
688482
688832
689101
689389
689722
690030
690332
690664
690969
691271
691598
691882
692146
692432
692748
693045
693357
693659
693956
694216
694535
694829
695147
695422
695752
696034
696337
696654
696964
697280
697576
697849
698178
698524
698823
699122
699425
699663
699957
700253
700485
700801
701077
701412
701708
701984
702294
702621
702949
703342
703653
703921
704221
704517
704845
705129
705419
705698
706047
706358
706652
707003
707295
707616
707969
708236
708547
708850
709164
709417
709705
710015
710308
710613
710914
711214
711523
711874
712173
712490
712768
713049
713317
713583
713885
714163
714482
714813
715154
715424
715724
716037
716360
716686
716976
717240
717525
717798
718066
718344
718657
718970
719207
719495
719768
720059
720357
720662
720970
721348
721670
721972
722314
722622
722913
723194
723458
723752
724010
724289
724593
724905
725185
725515
725835
726086
726429
726742
727039
727313
727605
727886
728192
728501
728763
729053
729337
729619
729800
730135
730445
730721
731020
731307
731585
731926
732248
732520
732843
733227
733564
733883
734206
734542
734797
735070
735332
735585
735885
736151
736438
736734
737051
737338
737623
737951
738228
738516
738816
739089
739407
739685
740030
740362
740693
740982
741299
741607
741938
742237
742534
742796
743137
743450
743752
744037
744358
744639
744941
745284
745559
745849
746099
746439
746703
746996
747277
747566
747857
748164
748432
748724
749057
749374
749692
750024
750327
750651
750958
751264
751591
751905
752236
752543
752895
753197
753544
753849
754116
754447
754774
755031
755336
755630
755955
756237
756545
756860
757178
757435
757689
757992
758251
758600
758910
759231
759555
759850
760136
760327
760671
760927
761235
761514
761837
762177
762435
762826
763184
763519
763776
764136
764447
764744
765058
765380
765682
765951
766219
766483
766763
767102
767434
767710
768052
768308
768583
768882
769140
769444
769775
770055
770336
770692
770938
771223
771485
771767
772025
772355
772672
772971
773269
773560
773891
774194
774493
774841
775196
775534
775859
776209
776479
776762
777089
777374
777718
778031
778302
778601
